Loop Time
../raw_data/AndroidApp/App69/data/unopt/1
66
66
71
66
66
65
71
69
70
68
71
71
67
69
69
../raw_data/AndroidApp/App69/data/opt/1
53
38
55
71
48
45
40
45
39
45
39
45
50
39
39
P-VALUE:3.674181814394828E-5
Loop Energy
 ../raw_data/AndroidApp/App69/data/unopt/1
41592
32224
35553
29610
36870
30063
33162
36719
34300
50097
41244
38289
36866
36427
40228
../raw_data/AndroidApp/App69/data/opt/1
29022
17195
24674
38085
33094
18472
18285
20813
19715
19309
18318
24729
30253
19365
20552
P-VALUE:5.252189644333605E-5
App Time
../raw_data/AndroidApp/App69/data/unopt/1
90
81
88
83
85
81
90
92
85
88
90
87
87
90
92
../raw_data/AndroidApp/App69/data/opt/1
69
60
79
92
64
61
56
62
55
66
60
64
73
55
57
P-VALUE:4.396501535530728E-5
App Energy
../raw_data/AndroidApp/App69/data/unopt/1
54703
41290
45391
39501
50429
38373
42739
53995
43429
62407
55140
49694
48473
48529
60829
../raw_data/AndroidApp/App69/data/opt/1
40558
27133
38544
52073
43786
26421
25574
30100
28924
31146
30147
35068
43870
28296
30430
P-VALUE:2.0539483890080756E-4
Loop Time
../raw_data/AndroidApp/App69/data/unopt/2
120
122
125
131
128
125
121
129
116
131
127
130
122
127
117
../raw_data/AndroidApp/App69/data/opt/2
66
64
58
68
68
67
59
58
63
68
59
64
59
61
62
P-VALUE:3.066977765420198E-6
Loop Energy
 ../raw_data/AndroidApp/App69/data/unopt/2
86114
125662
88203
133563
84727
84055
74965
87468
80287
90118
101725
85120
79814
102201
84378
../raw_data/AndroidApp/App69/data/opt/2
36801
30458
35051
41328
32227
36007
29069
30957
34328
36365
35411
44352
33808
39802
35359
P-VALUE:3.066977765420198E-6
App Time
../raw_data/AndroidApp/App69/data/unopt/2
139
142
144
149
153
141
144
153
142
151
153
145
142
153
134
../raw_data/AndroidApp/App69/data/opt/2
87
80
80
84
95
87
79
75
84
86
80
88
84
85
78
P-VALUE:3.066977765420198E-6
App Energy
../raw_data/AndroidApp/App69/data/unopt/2
98976
149867
101113
152957
108006
95212
90325
104983
99983
104313
129939
94750
94584
128533
96887
../raw_data/AndroidApp/App69/data/opt/2
49803
40649
47364
53017
53845
48129
39656
40893
49379
47161
48653
72992
55897
57913
49793
P-VALUE:3.066977765420198E-6
Loop Time
../raw_data/AndroidApp/App69/data/unopt/3
182
178
185
184
181
182
182
181
187
179
183
187
176
199
191
../raw_data/AndroidApp/App69/data/opt/3
87
90
90
86
91
91
90
89
90
92
87
91
91
88
85
P-VALUE:3.066977765420198E-6
Loop Energy
 ../raw_data/AndroidApp/App69/data/unopt/3
198794
163868
189743
174416
183321
173392
168166
168075
185669
170890
210631
190710
169241
221764
199441
../raw_data/AndroidApp/App69/data/opt/3
74958
61259
65447
60488
63388
61603
67436
57251
66693
71776
65332
71443
63096
68815
67028
P-VALUE:3.066977765420198E-6
App Time
../raw_data/AndroidApp/App69/data/unopt/3
201
195
208
201
200
199
199
198
204
196
203
205
195
226
207
../raw_data/AndroidApp/App69/data/opt/3
108
115
106
111
111
114
107
107
109
115
106
107
109
111
103
P-VALUE:3.066977765420198E-6
App Energy
../raw_data/AndroidApp/App69/data/unopt/3
219547
178339
207428
187526
197874
187725
181649
183039
198622
184597
231873
205482
186588
249178
211500
../raw_data/AndroidApp/App69/data/opt/3
95755
83486
80746
84092
83348
80994
80361
71243
82657
89894
79545
84450
77604
86116
81260
P-VALUE:3.066977765420198E-6
Loop Time
../raw_data/AndroidApp/App69/data/unopt/4
238
242
239
236
231
240
234
242
247
235
238
239
230
236
239
../raw_data/AndroidApp/App69/data/opt/4
103
110
98
95
104
105
107
96
104
103
110
105
99
100
105
P-VALUE:3.066977765420198E-6
Loop Energy
 ../raw_data/AndroidApp/App69/data/unopt/4
166556
267583
201066
207222
293255
212862
211992
280070
244613
272170
217672
269369
229912
235667
253343
../raw_data/AndroidApp/App69/data/opt/4
67569
104328
105795
102314
112704
101953
115676
96938
105055
107769
118122
119187
110995
107518
115588
P-VALUE:3.066977765420198E-6
App Time
../raw_data/AndroidApp/App69/data/unopt/4
257
265
256
258
250
261
252
259
265
252
261
264
247
260
255
../raw_data/AndroidApp/App69/data/opt/4
125
128
115
113
120
121
127
113
122
120
131
131
117
125
121
P-VALUE:3.066977765420198E-6
App Energy
../raw_data/AndroidApp/App69/data/unopt/4
188221
293140
217282
228956
313560
237234
233817
307787
267755
291644
243441
300142
248175
264118
272581
../raw_data/AndroidApp/App69/data/opt/4
88251
121171
126665
122574
131331
117996
136715
116495
124132
126272
141801
149670
132643
137825
136200
P-VALUE:3.066977765420198E-6
Loop Time
../raw_data/AndroidApp/App180/data/unopt/1
152
182
166
175
180
210
177
169
172
163
127
138
211
171
203
../raw_data/AndroidApp/App180/data/opt/1
10
11
11
14
12
10
15
12
12
11
15
12
13
16
14
P-VALUE:3.066977765420198E-6
Loop Energy
 ../raw_data/AndroidApp/App180/data/unopt/1
446068
520815
416144
518275
468743
537475
531521
472840
495156
529529
322648
369178
646448
505612
593474
../raw_data/AndroidApp/App180/data/opt/1
11460
17093
18726
20098
17142
20392
23858
27560
23848
16657
45150
18308
20790
21751
23952
P-VALUE:3.066977765420198E-6
App Time
../raw_data/AndroidApp/App180/data/unopt/1
250
255
230
240
244
278
255
230
249
221
201
223
279
250
273
../raw_data/AndroidApp/App180/data/opt/1
68
78
71
67
65
81
97
64
71
85
72
65
69
68
68
P-VALUE:3.066977765420198E-6
App Energy
../raw_data/AndroidApp/App180/data/unopt/1
794893
702880
544428
656198
606235
701179
717186
616173
672247
666117
521467
581054
820271
694657
789680
../raw_data/AndroidApp/App180/data/opt/1
119287
133757
98691
104723
87458
138636
191120
107507
102548
127866
235121
102849
121582
106586
128810
P-VALUE:3.066977765420198E-6
Loop Time
../raw_data/AndroidApp/App180/data/unopt/2
429
422
451
383
416
401
407
382
400
417
417
398
289
410
412
../raw_data/AndroidApp/App180/data/opt/2
20
16
17
17
22
17
22
16
17
18
23
17
15
21
17
P-VALUE:3.066977765420198E-6
Loop Energy
 ../raw_data/AndroidApp/App180/data/unopt/2
1911715
1503231
1465737
1124094
1412615
1294621
1380513
1472574
1525980
1542087
1552867
1437285
963947
1685775
1557338
../raw_data/AndroidApp/App180/data/opt/2
25959
26242
34634
28557
29950
29072
27765
31200
25637
33198
33527
48317
21874
56825
78418
P-VALUE:3.066977765420198E-6
App Time
../raw_data/AndroidApp/App180/data/unopt/2
510
491
518
465
497
472
481
447
466
493
493
464
353
502
474
../raw_data/AndroidApp/App180/data/opt/2
87
76
75
70
93
79
82
76
76
72
95
82
74
84
76
P-VALUE:3.066977765420198E-6
App Energy
../raw_data/AndroidApp/App180/data/unopt/2
2284399
1785614
1706188
1395060
1747489
1584142
1675501
1734118
1778445
1848007
1848697
1715174
1241512
2047246
1833347
../raw_data/AndroidApp/App180/data/opt/2
144003
131834
133883
116279
136776
142243
134355
154087
116046
147927
181489
178665
127928
183472
240177
P-VALUE:3.066977765420198E-6
Loop Time
../raw_data/AndroidApp/App180/data/unopt/3
515
540
451
525
496
507
519
520
473
514
508
636
570
503
517
../raw_data/AndroidApp/App180/data/opt/3
21
19
24
19
24
21
22
24
23
20
20
21
24
21
20
P-VALUE:3.066977765420198E-6
Loop Energy
 ../raw_data/AndroidApp/App180/data/unopt/3
2260821
2139070
1607696
2011835
2011870
2040383
2092019
2087585
1823280
2248693
2080844
2696103
2436155
2190944
2226898
../raw_data/AndroidApp/App180/data/opt/3
72988
52892
32469
50619
64368
60107
55969
79402
83761
61598
71306
58822
71750
60466
68238
P-VALUE:3.066977765420198E-6
App Time
../raw_data/AndroidApp/App180/data/unopt/3
583
604
502
597
572
564
584
601
541
577
569
705
637
567
596
../raw_data/AndroidApp/App180/data/opt/3
85
84
92
74
88
79
73
96
82
82
87
81
93
86
82
P-VALUE:3.066977765420198E-6
App Energy
../raw_data/AndroidApp/App180/data/unopt/3
2546965
2390504
1835990
2261555
2317590
2252922
2318162
2356981
2118812
2504334
2290989
2945727
2644215
2423176
2555697
../raw_data/AndroidApp/App180/data/opt/3
282541
232514
160580
206716
254183
230251
195078
375554
257969
248386
314169
268054
285010
292357
300800
P-VALUE:3.066977765420198E-6
Loop Time
../raw_data/AndroidApp/App180/data/unopt/4
904
872
919
909
878
869
872
721
904
871
783
604
774
892
900
../raw_data/AndroidApp/App180/data/opt/4
26
24
23
23
22
24
25
26
22
24
20
27
21
23
22
P-VALUE:3.066977765420198E-6
Loop Energy
 ../raw_data/AndroidApp/App180/data/unopt/4
3442348
3046765
2888916
2948145
2989205
3023605
3017360
2839499
2978943
3008991
3055654
2496167
3173124
3043834
3047297
../raw_data/AndroidApp/App180/data/opt/4
75479
70248
75436
52468
147905
56276
66950
81794
79957
78425
90978
74606
79660
79740
91214
P-VALUE:3.066977765420198E-6
App Time
../raw_data/AndroidApp/App180/data/unopt/4
990
951
991
982
953
938
944
793
985
949
854
668
857
965
974
../raw_data/AndroidApp/App180/data/opt/4
105
86
89
84
81
85
87
85
87
92
78
93
81
86
84
P-VALUE:3.066977765420198E-6
App Energy
../raw_data/AndroidApp/App180/data/unopt/4
3583421
3137170
2985929
3037839
3080328
3121177
3120433
2949586
3104463
3127673
3160036
2713625
3298033
3161105
3168496
../raw_data/AndroidApp/App180/data/opt/4
351821
254827
252411
239598
474995
278464
236619
262983
303482
331172
348992
303242
310851
322290
340651
P-VALUE:3.066977765420198E-6
Loop Time
../raw_data/AndroidApp/App219/data/unopt/1
7
8
9
8
7
8
9
9
6
9
9
10
9
9
9
../raw_data/AndroidApp/App219/data/opt/1
4
4
3
5
3
3
4
4
5
3
3
4
2
3
4
P-VALUE:3.066977765420198E-6
Loop Energy
 ../raw_data/AndroidApp/App219/data/unopt/1
3938
3605
4443
3959
4192
7623
7034
5498
2940
4674
7978
4503
3958
3971
4754
../raw_data/AndroidApp/App219/data/opt/1
1796
1798
1503
2502
1348
1413
2068
2680
2580
1510
2100
1887
1015
2115
3230
P-VALUE:3.749517778373068E-6
App Time
../raw_data/AndroidApp/App219/data/unopt/1
684
709
698
703
688
684
710
697
666
693
723
695
693
695
696
../raw_data/AndroidApp/App219/data/opt/1
690
694
692
684
687
694
703
697
690
699
699
696
728
700
693
P-VALUE:0.9669147771731937
App Energy
../raw_data/AndroidApp/App219/data/unopt/1
756567
776009
744796
754485
770751
790972
817086
751824
962714
748730
899107
765967
751656
769985
792876
../raw_data/AndroidApp/App219/data/opt/1
746748
767595
769106
734661
750235
744315
780480
748777
719852
746655
759116
777349
801281
755075
753383
P-VALUE:0.05912642784434141
Loop Time
../raw_data/AndroidApp/App219/data/unopt/2
13
12
14
14
14
13
14
13
13
14
15
11
13
14
15
../raw_data/AndroidApp/App219/data/opt/2
3
3
4
4
3
3
4
4
3
4
3
5
3
3
4
P-VALUE:3.066977765420198E-6
Loop Energy
 ../raw_data/AndroidApp/App219/data/unopt/2
6928
5865
7068
7936
6298
6274
6104
6242
6780
6038
6721
4848
6210
6836
7601
../raw_data/AndroidApp/App219/data/opt/2
1365
1463
2046
1998
1802
2213
2022
2349
1453
1926
1902
3427
1421
1586
1760
P-VALUE:3.066977765420198E-6
App Time
../raw_data/AndroidApp/App219/data/unopt/2
702
698
702
707
730
693
706
696
700
698
707
691
694
699
704
../raw_data/AndroidApp/App219/data/opt/2
706
686
699
698
683
691
685
690
678
687
696
697
694
694
689
P-VALUE:0.0015083501683048617
App Energy
../raw_data/AndroidApp/App219/data/unopt/2
759380
764356
764251
743868
787647
760296
777853
762508
786188
781889
799118
799780
778671
766115
782828
../raw_data/AndroidApp/App219/data/opt/2
767763
762176
765776
753454
758091
761008
742186
766530
750960
741096
986226
768482
750060
756152
738837
P-VALUE:0.013589118465834993
Loop Time
../raw_data/AndroidApp/App219/data/unopt/3
30
27
27
27
22
28
27
27
30
27
25
29
26
25
26
../raw_data/AndroidApp/App219/data/opt/3
5
4
4
5
3
4
4
4
4
4
4
4
4
4
6
P-VALUE:3.066977765420198E-6
Loop Energy
 ../raw_data/AndroidApp/App219/data/unopt/3
13589
12910
12713
13195
10324
14674
12845
12080
13191
13975
13654
12581
15773
10973
11403
../raw_data/AndroidApp/App219/data/opt/3
2408
1760
2411
2191
1340
2814
1794
1877
1879
1767
2685
1924
1774
1829
4194
P-VALUE:3.066977765420198E-6
App Time
../raw_data/AndroidApp/App219/data/unopt/3
726
725
720
718
713
716
719
769
732
713
715
781
726
712
713
../raw_data/AndroidApp/App219/data/opt/3
692
706
689
696
672
690
678
681
700
693
697
689
687
692
701
P-VALUE:3.066977765420198E-6
App Energy
../raw_data/AndroidApp/App219/data/unopt/3
790762
787725
807014
784291
798714
785157
790467
849242
799861
761158
781420
886517
808964
790500
784572
../raw_data/AndroidApp/App219/data/opt/3
771354
793521
774459
742624
716679
777421
727485
728756
775410
802200
815821
748176
743769
766875
771764
P-VALUE:0.00229881316969327
Loop Time
../raw_data/AndroidApp/App219/data/unopt/4
42
40
41
40
40
37
49
38
41
44
45
39
40
37
38
../raw_data/AndroidApp/App219/data/opt/4
5
6
5
5
4
4
4
5
5
5
4
5
5
5
5
P-VALUE:3.066977765420198E-6
Loop Energy
 ../raw_data/AndroidApp/App219/data/unopt/4
63750
18418
19397
25349
20575
17285
22742
16934
20811
20334
22734
21704
18690
18553
19021
../raw_data/AndroidApp/App219/data/opt/4
2726
2960
2537
2435
1797
1853
1777
2211
2332
2548
1770
2304
3139
2271
2793
P-VALUE:3.066977765420198E-6
App Time
../raw_data/AndroidApp/App219/data/unopt/4
735
723
730
726
725
723
740
729
744
727
744
725
725
737
726
../raw_data/AndroidApp/App219/data/opt/4
710
738
694
690
690
686
700
695
687
695
696
697
688
683
701
P-VALUE:3.0654915135319705E-5
App Energy
../raw_data/AndroidApp/App219/data/unopt/4
672567
784451
800502
971203
818335
777848
794832
788164
839738
858376
838984
817667
788090
832574
817892
../raw_data/AndroidApp/App219/data/opt/4
771650
800599
791201
764441
760778
761340
765786
768500
749402
758893
755582
776541
748776
743110
773436
P-VALUE:2.84156767030197E-4
Loop Time
../raw_data/AndroidApp/App567/data/unopt/1
11
18
17
18
12
17
10
8
18
17
19
10
23
17
14
../raw_data/AndroidApp/App567/data/opt/1
4
5
10
5
16
8
9
9
9
8
10
8
9
9
10
P-VALUE:9.661535870153504E-5
Loop Energy
 ../raw_data/AndroidApp/App567/data/unopt/1
9350
13977
14558
15318
9682
18382
9918
6817
16527
15359
18202
8440
20792
15478
12076
../raw_data/AndroidApp/App567/data/opt/1
3395
4707
8374
3690
14010
7080
7174
7324
7541
7639
8695
5918
7239
8539
8706
P-VALUE:1.2468785276287253E-4
App Time
../raw_data/AndroidApp/App567/data/unopt/1
31
56
47
51
25
48
27
21
54
49
50
26
41
61
33
../raw_data/AndroidApp/App567/data/opt/1
17
23
31
21
48
25
39
42
28
29
31
22
41
38
29
P-VALUE:0.02648151188044967
App Energy
../raw_data/AndroidApp/App567/data/unopt/1
25323
42490
41148
41178
19943
44337
24301
17004
46458
42450
45490
21670
37841
56649
27475
../raw_data/AndroidApp/App567/data/opt/1
13944
19195
27896
16860
40050
20188
31002
36424
22015
27590
25098
14844
34472
34158
24334
P-VALUE:0.021333324651265584
Loop Time
../raw_data/AndroidApp/App567/data/unopt/2
37
21
23
23
25
28
27
25
35
25
14
25
29
30
16
../raw_data/AndroidApp/App567/data/opt/2
15
12
9
10
9
21
10
11
11
9
10
14
9
9
6
P-VALUE:6.783516788955168E-6
Loop Energy
 ../raw_data/AndroidApp/App567/data/unopt/2
30891
17492
20217
20584
21067
25140
22567
20085
31707
19045
13102
20740
26396
27912
13404
../raw_data/AndroidApp/App567/data/opt/2
13127
11779
7949
8142
8163
17793
6890
9212
8998
8100
8746
11839
8554
12514
5544
P-VALUE:6.783516788955168E-6
App Time
../raw_data/AndroidApp/App567/data/unopt/2
51
33
43
41
48
66
58
57
73
56
30
55
59
60
33
../raw_data/AndroidApp/App567/data/opt/2
39
41
38
28
43
39
28
30
31
47
29
44
31
43
33
P-VALUE:0.0015083501683048617
App Energy
../raw_data/AndroidApp/App567/data/unopt/2
42317
27807
36054
35561
37830
54178
46046
44193
60711
44780
29019
53440
51624
56380
28230
../raw_data/AndroidApp/App567/data/opt/2
34009
36209
32213
21565
36112
32693
22868
24093
23831
37979
23862
36699
29148
52635
27470
P-VALUE:0.004493740173630911
Loop Time
../raw_data/AndroidApp/App567/data/unopt/3
52
53
47
39
37
46
28
43
49
21
46
46
39
45
50
../raw_data/AndroidApp/App567/data/opt/3
9
11
11
14
17
10
12
11
13
17
12
7
11
11
11
P-VALUE:3.066977765420198E-6
Loop Energy
 ../raw_data/AndroidApp/App567/data/unopt/3
49389
47821
41780
38613
30390
45640
25660
38230
44924
18654
48561
42047
31847
48780
42337
../raw_data/AndroidApp/App567/data/opt/3
7245
11390
10331
12878
15755
8454
13184
9560
17029
15945
10973
7288
10230
11131
10782
P-VALUE:3.066977765420198E-6
App Time
../raw_data/AndroidApp/App567/data/unopt/3
86
81
84
57
58
78
44
66
62
32
81
76
56
73
95
../raw_data/AndroidApp/App567/data/opt/3
26
43
33
46
41
29
32
29
39
35
23
26
33
33
50
P-VALUE:2.7983495853201035E-5
App Energy
../raw_data/AndroidApp/App567/data/unopt/3
79068
71962
72330
53432
45095
74347
39072
58717
55279
27923
79638
68221
46263
69135
82866
../raw_data/AndroidApp/App567/data/opt/3
21951
41605
27642
40144
37259
23595
33076
24945
44313
31440
19948
22933
28434
31999
43967
P-VALUE:3.674181814394828E-5
Loop Time
../raw_data/AndroidApp/App567/data/unopt/4
50
50
43
69
70
53
67
69
66
69
44
67
43
70
69
../raw_data/AndroidApp/App567/data/opt/4
19
7
13
14
12
13
15
5
16
19
16
13
15
8
14
P-VALUE:3.066977765420198E-6
Loop Energy
 ../raw_data/AndroidApp/App567/data/unopt/4
48687
46036
37785
62445
64095
46087
62411
66772
56941
56164
36568
65345
36995
71634
58164
../raw_data/AndroidApp/App567/data/opt/4
17632
6511
12020
11390
10347
11495
12200
4339
14421
17384
14984
11105
12257
7759
12519
P-VALUE:3.066977765420198E-6
App Time
../raw_data/AndroidApp/App567/data/unopt/4
72
71
60
101
106
72
98
104
89
102
72
98
58
100
93
../raw_data/AndroidApp/App567/data/opt/4
42
25
32
45
37
31
47
16
41
30
33
36
36
28
43
P-VALUE:3.066977765420198E-6
App Energy
../raw_data/AndroidApp/App567/data/unopt/4
66746
63003
50224
88533
94871
60350
86138
97516
77172
84463
55670
90457
48364
99327
80378
../raw_data/AndroidApp/App567/data/opt/4
38804
20211
30453
37757
34678
27113
35841
15171
35129
27075
30265
32126
29167
26402
37658
P-VALUE:3.066977765420198E-6
Loop Time
../raw_data/AndroidApp/App802/data/unopt/1
24
41
38
30
41
31
30
36
33
23
24
25
30
32
44
../raw_data/AndroidApp/App802/data/opt/1
22
26
31
25
30
20
33
16
13
15
12
29
12
24
14
P-VALUE:0.0015083501683048617
Loop Energy
 ../raw_data/AndroidApp/App802/data/unopt/1
11889
22210
18559
15116
21701
15429
14848
18161
31412
13043
12611
15525
14793
15924
22901
../raw_data/AndroidApp/App802/data/opt/1
12877
13280
16181
13807
15565
11838
17254
10366
7097
8629
5959
16627
5989
13664
7603
P-VALUE:0.005810435712872097
App Time
../raw_data/AndroidApp/App802/data/unopt/1
25
42
39
31
42
32
31
36
34
24
24
26
31
33
45
../raw_data/AndroidApp/App802/data/opt/1
22
27
32
26
31
21
34
16
13
16
12
30
12
25
15
P-VALUE:0.001619713575230386
App Energy
../raw_data/AndroidApp/App802/data/unopt/1
12360
22699
19028
15639
22226
15901
15354
18161
32339
13584
12611
16046
15263
16419
23371
../raw_data/AndroidApp/App802/data/opt/1
12877
14025
16665
14399
16354
12395
17774
10366
7097
9154
5959
17259
5989
14133
8357
P-VALUE:0.006591374992460541
Loop Time
../raw_data/AndroidApp/App802/data/unopt/2
59
49
51
51
44
36
50
59
35
49
46
52
51
40
50
../raw_data/AndroidApp/App802/data/opt/2
21
31
29
31
30
32
23
26
34
24
35
32
32
31
15
P-VALUE:3.3918213908634698E-6
Loop Energy
 ../raw_data/AndroidApp/App802/data/unopt/2
31337
25094
49260
26575
23826
20472
25469
30492
20105
25626
24923
26821
25072
32832
28247
../raw_data/AndroidApp/App802/data/opt/2
11606
19268
14166
15706
14750
15669
11246
13731
17656
12524
19523
19170
15685
17606
8991
P-VALUE:3.066977765420198E-6
App Time
../raw_data/AndroidApp/App802/data/unopt/2
60
50
51
52
45
36
51
60
36
49
47
53
52
40
51
../raw_data/AndroidApp/App802/data/opt/2
21
32
31
31
31
33
24
27
35
25
36
32
33
32
15
P-VALUE:3.749517778373068E-6
App Energy
../raw_data/AndroidApp/App802/data/unopt/2
31831
25844
49260
27085
24333
20472
26005
31374
20633
25626
25461
27333
25545
32832
28810
../raw_data/AndroidApp/App802/data/opt/2
11606
19779
15194
15706
15221
16139
11716
14254
18181
13028
20098
19170
16195
18246
8991
P-VALUE:3.066977765420198E-6
Loop Time
../raw_data/AndroidApp/App802/data/unopt/3
70
73
50
84
73
72
82
72
84
83
67
80
61
78
94
../raw_data/AndroidApp/App802/data/opt/3
43
43
32
47
41
46
30
44
31
47
47
42
46
46
48
P-VALUE:3.066977765420198E-6
Loop Energy
 ../raw_data/AndroidApp/App802/data/unopt/3
46618
65605
30729
43090
41753
39362
39802
51176
42398
45700
36713
45099
31388
40020
48512
../raw_data/AndroidApp/App802/data/opt/3
21929
22083
28859
26973
20119
24912
14620
25089
30407
43885
24698
23973
24040
23252
24788
P-VALUE:1.7629087890269624E-5
App Time
../raw_data/AndroidApp/App802/data/unopt/3
71
74
50
85
74
73
83
73
84
83
68
81
62
79
94
../raw_data/AndroidApp/App802/data/opt/3
44
45
32
48
41
47
30
45
31
48
48
43
47
47
49
P-VALUE:3.066977765420198E-6
App Energy
../raw_data/AndroidApp/App802/data/unopt/3
47264
66200
30729
43610
42275
39945
40315
52099
42398
45700
37204
45586
31863
40495
48512
../raw_data/AndroidApp/App802/data/opt/3
22699
23037
28859
27639
20119
25450
14620
25609
30407
44774
25175
24592
24541
23983
25266
P-VALUE:1.7629087890269624E-5
Loop Time
../raw_data/AndroidApp/App802/data/unopt/4
103
80
100
87
99
106
110
87
114
102
117
122
78
100
85
../raw_data/AndroidApp/App802/data/opt/4
49
64
47
42
59
54
46
59
51
54
48
54
65
51
60
P-VALUE:3.066977765420198E-6
Loop Energy
 ../raw_data/AndroidApp/App802/data/unopt/4
54100
40578
58496
45334
66041
60835
62646
50149
58414
53951
87833
61111
40107
52433
47756
../raw_data/AndroidApp/App802/data/opt/4
24280
36108
28290
20452
53033
27351
45993
36269
29022
27515
23758
28863
33811
25978
32583
P-VALUE:1.7629087890269624E-5
App Time
../raw_data/AndroidApp/App802/data/unopt/4
104
80
101
87
99
107
111
88
115
102
117
123
79
101
86
../raw_data/AndroidApp/App802/data/opt/4
49
65
48
43
61
55
47
60
52
55
49
54
70
52
62
P-VALUE:3.066977765420198E-6
App Energy
../raw_data/AndroidApp/App802/data/unopt/4
54569
40578
58972
45334
66041
61583
63131
50727
58931
53951
87833
61583
40576
52936
48428
../raw_data/AndroidApp/App802/data/opt/4
24280
36702
28763
20935
54798
27818
46974
37020
29573
28030
24255
28863
36522
26449
33683
P-VALUE:2.5534369695323633E-5
Loop Time
../raw_data/AndroidApp/App1447/data/unopt/1
27
25
29
31
22
28
33
22
22
26
26
26
22
24
26
../raw_data/AndroidApp/App1447/data/opt/1
13
9
12
9
10
9
9
14
10
10
9
10
10
11
8
P-VALUE:3.066977765420198E-6
Loop Energy
 ../raw_data/AndroidApp/App1447/data/unopt/1
15412
14910
14009
15064
12468
16195
18073
15027
13086
13319
12644
12870
11565
18984
12897
../raw_data/AndroidApp/App1447/data/opt/1
8507
5668
6841
5092
7366
4465
5186
7865
6255
5017
4434
6805
5642
5610
5863
P-VALUE:3.066977765420198E-6
App Time
../raw_data/AndroidApp/App1447/data/unopt/1
79
74
77
84
63
63
86
67
61
65
69
75
60
74
74
../raw_data/AndroidApp/App1447/data/opt/1
52
43
54
46
48
46
45
55
42
47
39
61
46
47
39
P-VALUE:4.143220097563294E-6
App Energy
../raw_data/AndroidApp/App1447/data/unopt/1
44540
42282
38111
42379
36351
35050
49046
43245
44193
32073
34006
37743
30597
57490
37220
../raw_data/AndroidApp/App1447/data/opt/1
33938
24077
28527
25317
35134
24763
23829
31288
27946
22950
19797
44741
26181
23471
27685
P-VALUE:1.2468785276287253E-4
Loop Time
../raw_data/AndroidApp/App1447/data/unopt/2
55
58
36
40
43
37
37
39
42
57
38
52
34
44
38
../raw_data/AndroidApp/App1447/data/opt/2
10
12
12
11
18
12
12
12
13
10
9
9
10
11
11
P-VALUE:3.066977765420198E-6
Loop Energy
 ../raw_data/AndroidApp/App1447/data/unopt/2
51177
30339
20925
19444
21116
18049
18500
25222
21041
28799
24304
42758
17034
22026
20221
../raw_data/AndroidApp/App1447/data/opt/2
5545
6539
6478
5435
8865
6918
6466
6502
7069
5795
4510
4538
6771
6182
5738
P-VALUE:3.066977765420198E-6
App Time
../raw_data/AndroidApp/App1447/data/unopt/2
117
114
78
78
93
78
75
78
84
97
69
106
66
109
77
../raw_data/AndroidApp/App1447/data/opt/2
39
51
51
49
79
53
55
56
58
44
39
41
40
47
58
P-VALUE:1.4611962532273814E-5
App Energy
../raw_data/AndroidApp/App1447/data/unopt/2
94674
57574
46631
38562
46205
39424
37993
53679
41150
49820
43702
81924
32696
54604
39075
../raw_data/AndroidApp/App1447/data/opt/2
21259
28187
27569
23995
40096
32508
30580
31349
32395
24855
19142
20093
26655
26324
29044
P-VALUE:8.23843060038243E-6
Loop Time
../raw_data/AndroidApp/App1447/data/unopt/3
72
66
69
125
123
69
82
92
64
85
62
70
61
99
94
../raw_data/AndroidApp/App1447/data/opt/3
16
10
11
12
12
15
10
12
16
12
11
11
14
13
12
P-VALUE:3.066977765420198E-6
Loop Energy
 ../raw_data/AndroidApp/App1447/data/unopt/3
51607
34362
33585
69278
62007
34677
41882
57142
39947
42174
30818
53528
30709
55683
49368
../raw_data/AndroidApp/App1447/data/opt/3
16592
7801
9020
9806
10634
14610
8912
11207
16230
15618
10929
8462
13053
14366
10911
P-VALUE:3.066977765420198E-6
App Time
../raw_data/AndroidApp/App1447/data/unopt/3
123
110
116
199
191
122
133
160
113
156
101
114
105
161
159
../raw_data/AndroidApp/App1447/data/opt/3
63
43
51
45
58
63
39
50
62
47
48
45
57
60
49
P-VALUE:3.066977765420198E-6
App Energy
../raw_data/AndroidApp/App1447/data/unopt/3
86583
56655
60961
108324
96023
60883
68146
104240
70202
77644
50724
90920
52799
91514
81573
../raw_data/AndroidApp/App1447/data/opt/3
57262
35019
41996
35952
52947
53457
36064
47851
58821
60322
44466
35526
49415
57409
45695
P-VALUE:6.264128926281032E-5
Loop Time
../raw_data/AndroidApp/App1447/data/unopt/4
90
120
78
97
81
95
98
91
128
80
91
143
84
115
105
../raw_data/AndroidApp/App1447/data/opt/4
15
12
12
13
14
21
11
13
11
12
11
11
11
11
13
P-VALUE:3.066977765420198E-6
Loop Energy
 ../raw_data/AndroidApp/App1447/data/unopt/4
48515
59433
39739
67872
40055
47854
54492
45531
71398
43568
45225
82319
45823
57401
52974
../raw_data/AndroidApp/App1447/data/opt/4
12965
12099
11020
13888
13491
18745
12705
10497
8261
9796
8177
11835
10850
10587
10065
P-VALUE:3.066977765420198E-6
App Time
../raw_data/AndroidApp/App1447/data/unopt/4
145
180
127
149
118
147
147
141
194
127
141
200
126
179
159
../raw_data/AndroidApp/App1447/data/opt/4
56
49
47
46
52
69
42
50
44
48
45
43
45
57
46
P-VALUE:3.066977765420198E-6
App Energy
../raw_data/AndroidApp/App1447/data/unopt/4
75196
90578
66225
97153
62890
73114
82465
70466
109041
71139
70001
114225
71174
90709
80263
../raw_data/AndroidApp/App1447/data/opt/4
49402
47264
42459
39244
45323
60211
48076
41605
32230
38625
34409
39555
44097
56098
35641
P-VALUE:3.066977765420198E-6
